//EOS file using Gadget forsterite EOS. c=constant entropy, v=constant entropy and vapor dome 
 //Made using GADGET_Fe_EOS.txt and ANEOS_Dunite_VapDome.txt
//Next line defines the read data type (0=standard linear, 1=standard log, 2=Hubbard) 
# 0 
Density (kg/m^3)	Pressure (Pa)	Temperature (K)	Entropy (J/kg)	
1.000000E+00	2.094475E+01	2.027672E+03	1.500000E+03
1.010426E+00	2.094503E+01	2.027673E+03	1.500000E+03
1.020961E+00	2.094532E+01	2.027673E+03	1.500000E+03
1.031605E+00	2.094561E+01	2.027674E+03	1.500000E+03
1.042361E+00	2.094590E+01	2.027675E+03	1.500000E+03
1.053228E+00	2.094620E+01	2.027676E+03	1.500000E+03
1.064209E+00	2.094650E+01	2.027677E+03	1.500000E+03
1.075305E+00	2.094680E+01	2.027678E+03	1.500000E+03
1.086516E+00	2.094710E+01	2.027679E+03	1.500000E+03
1.097844E+00	2.094741E+01	2.027680E+03	1.500000E+03
1.109290E+00	2.094772E+01	2.027681E+03	1.500000E+03
1.120855E+00	2.094804E+01	2.027682E+03	1.500000E+03
1.132541E+00	2.094836E+01	2.027684E+03	1.500000E+03
1.144349E+00	2.094868E+01	2.027685E+03	1.500000E+03
1.156280E+00	2.094900E+01	2.027686E+03	1.500000E+03
1.168335E+00	2.094933E+01	2.027687E+03	1.500000E+03
1.180517E+00	2.094966E+01	2.027688E+03	1.500000E+03
1.192825E+00	2.095000E+01	2.027689E+03	1.500000E+03
1.205261E+00	2.095034E+01	2.027690E+03	1.500000E+03
1.217827E+00	2.095068E+01	2.027691E+03	1.500000E+03
1.230524E+00	2.095102E+01	2.027692E+03	1.500000E+03
1.243353E+00	2.095137E+01	2.027693E+03	1.500000E+03
1.256317E+00	2.095173E+01	2.027695E+03	1.500000E+03
1.269415E+00	2.095208E+01	2.027696E+03	1.500000E+03
1.282650E+00	2.095244E+01	2.027697E+03	1.500000E+03
1.296023E+00	2.095281E+01	2.027698E+03	1.500000E+03
1.309535E+00	2.095318E+01	2.027699E+03	1.500000E+03
1.323188E+00	2.095355E+01	2.027701E+03	1.500000E+03
1.336984E+00	2.095392E+01	2.027702E+03	1.500000E+03
1.350923E+00	2.095430E+01	2.027703E+03	1.500000E+03
1.365008E+00	2.095469E+01	2.027704E+03	1.500000E+03
1.379239E+00	2.095507E+01	2.027706E+03	1.500000E+03
1.393619E+00	2.095547E+01	2.027707E+03	1.500000E+03
1.408149E+00	2.095586E+01	2.027708E+03	1.500000E+03
1.422830E+00	2.095626E+01	2.027710E+03	1.500000E+03
1.437665E+00	2.095667E+01	2.027711E+03	1.500000E+03
1.452654E+00	2.095707E+01	2.027712E+03	1.500000E+03
1.467799E+00	2.095749E+01	2.027714E+03	1.500000E+03
1.483103E+00	2.095790E+01	2.027715E+03	1.500000E+03
1.498565E+00	2.095832E+01	2.027716E+03	1.500000E+03
1.514189E+00	2.095875E+01	2.027718E+03	1.500000E+03
1.529976E+00	2.095918E+01	2.027719E+03	1.500000E+03
1.545928E+00	2.095961E+01	2.027721E+03	1.500000E+03
1.562046E+00	2.096005E+01	2.027722E+03	1.500000E+03
1.578331E+00	2.096050E+01	2.027724E+03	1.500000E+03
1.594787E+00	2.096094E+01	2.027725E+03	1.500000E+03
1.611414E+00	2.096140E+01	2.027727E+03	1.500000E+03
1.628215E+00	2.096185E+01	2.027728E+03	1.500000E+03
1.645191E+00	2.096232E+01	2.027730E+03	1.500000E+03
1.662343E+00	2.096278E+01	2.027731E+03	1.500000E+03
1.679675E+00	2.096326E+01	2.027733E+03	1.500000E+03
1.697187E+00	2.096373E+01	2.027734E+03	1.500000E+03
1.714882E+00	2.096421E+01	2.027736E+03	1.500000E+03
1.732761E+00	2.096470E+01	2.027737E+03	1.500000E+03
1.750827E+00	2.096519E+01	2.027739E+03	1.500000E+03
1.769081E+00	2.096569E+01	2.027741E+03	1.500000E+03
1.787526E+00	2.096619E+01	2.027742E+03	1.500000E+03
1.806162E+00	2.096670E+01	2.027744E+03	1.500000E+03
1.824993E+00	2.096721E+01	2.027746E+03	1.500000E+03
1.844021E+00	2.096773E+01	2.027747E+03	1.500000E+03
1.863246E+00	2.096825E+01	2.027749E+03	1.500000E+03
1.882672E+00	2.096878E+01	2.027751E+03	1.500000E+03
1.902301E+00	2.096932E+01	2.027753E+03	1.500000E+03
1.922135E+00	2.096986E+01	2.027754E+03	1.500000E+03
1.942175E+00	2.097040E+01	2.027756E+03	1.500000E+03
1.962424E+00	2.097096E+01	2.027758E+03	1.500000E+03
1.982884E+00	2.097151E+01	2.027760E+03	1.500000E+03
2.003557E+00	2.097208E+01	2.027762E+03	1.500000E+03
2.024447E+00	2.097264E+01	2.027764E+03	1.500000E+03
2.045553E+00	2.097322E+01	2.027766E+03	1.500000E+03
2.066880E+00	2.097380E+01	2.027767E+03	1.500000E+03
2.088430E+00	2.097439E+01	2.027769E+03	1.500000E+03
2.110203E+00	2.097498E+01	2.027771E+03	1.500000E+03
2.132204E+00	2.097558E+01	2.027773E+03	1.500000E+03
2.154435E+00	2.097618E+01	2.027775E+03	1.500000E+03
2.176897E+00	2.097680E+01	2.027777E+03	1.500000E+03
2.199593E+00	2.097741E+01	2.027779E+03	1.500000E+03
2.222526E+00	2.097804E+01	2.027781E+03	1.500000E+03
2.245698E+00	2.097867E+01	2.027784E+03	1.500000E+03
2.269112E+00	2.097931E+01	2.027786E+03	1.500000E+03
2.292769E+00	2.097995E+01	2.027788E+03	1.500000E+03
2.316674E+00	2.098060E+01	2.027790E+03	1.500000E+03
2.340827E+00	2.098126E+01	2.027792E+03	1.500000E+03
2.365233E+00	2.098192E+01	2.027794E+03	1.500000E+03
2.389893E+00	2.098260E+01	2.027797E+03	1.500000E+03
2.414810E+00	2.098327E+01	2.027799E+03	1.500000E+03
2.439986E+00	2.098396E+01	2.027801E+03	1.500000E+03
2.465426E+00	2.098465E+01	2.027803E+03	1.500000E+03
2.491130E+00	2.098535E+01	2.027806E+03	1.500000E+03
2.517102E+00	2.098606E+01	2.027808E+03	1.500000E+03
2.543346E+00	2.098678E+01	2.027810E+03	1.500000E+03
2.569863E+00	2.098750E+01	2.027813E+03	1.500000E+03
2.596656E+00	2.098823E+01	2.027815E+03	1.500000E+03
2.623729E+00	2.098896E+01	2.027818E+03	1.500000E+03
2.651084E+00	2.098971E+01	2.027820E+03	1.500000E+03
2.678724E+00	2.099046E+01	2.027822E+03	1.500000E+03
2.706652E+00	2.099122E+01	2.027825E+03	1.500000E+03
2.734872E+00	2.099199E+01	2.027828E+03	1.500000E+03
2.763385E+00	2.099277E+01	2.027830E+03	1.500000E+03
2.792196E+00	2.099355E+01	2.027833E+03	1.500000E+03
2.821308E+00	2.099434E+01	2.027835E+03	1.500000E+03
2.850723E+00	2.099515E+01	2.027838E+03	1.500000E+03
2.880444E+00	2.099595E+01	2.027841E+03	1.500000E+03
2.910476E+00	2.099677E+01	2.027843E+03	1.500000E+03
2.940820E+00	2.099760E+01	2.027846E+03	1.500000E+03
2.971481E+00	2.099843E+01	2.027849E+03	1.500000E+03
3.002462E+00	2.099928E+01	2.027852E+03	1.500000E+03
3.033765E+00	2.100013E+01	2.027854E+03	1.500000E+03
3.065395E+00	2.100099E+01	2.027857E+03	1.500000E+03
3.097355E+00	2.100186E+01	2.027860E+03	1.500000E+03
3.129648E+00	2.100274E+01	2.027863E+03	1.500000E+03
3.162278E+00	2.100363E+01	2.027866E+03	1.500000E+03
3.195248E+00	2.100453E+01	2.027869E+03	1.500000E+03
3.228561E+00	2.100543E+01	2.027872E+03	1.500000E+03
3.262222E+00	2.100635E+01	2.027875E+03	1.500000E+03
3.296234E+00	2.100728E+01	2.027878E+03	1.500000E+03
3.330600E+00	2.100821E+01	2.027881E+03	1.500000E+03
3.365325E+00	2.100916E+01	2.027884E+03	1.500000E+03
3.400412E+00	2.101011E+01	2.027887E+03	1.500000E+03
3.435865E+00	2.101108E+01	2.027891E+03	1.500000E+03
3.471687E+00	2.101206E+01	2.027894E+03	1.500000E+03
3.507883E+00	2.101304E+01	2.027897E+03	1.500000E+03
3.544456E+00	2.101404E+01	2.027900E+03	1.500000E+03
3.581410E+00	2.101504E+01	2.027904E+03	1.500000E+03
3.618750E+00	2.101606E+01	2.027907E+03	1.500000E+03
3.656479E+00	2.101709E+01	2.027910E+03	1.500000E+03
3.694601E+00	2.101813E+01	2.027914E+03	1.500000E+03
3.733121E+00	2.101917E+01	2.027917E+03	1.500000E+03
3.772042E+00	2.102023E+01	2.027921E+03	1.500000E+03
3.811370E+00	2.102131E+01	2.027924E+03	1.500000E+03
3.851107E+00	2.102239E+01	2.027928E+03	1.500000E+03
3.891259E+00	2.102348E+01	2.027931E+03	1.500000E+03
3.931829E+00	2.102459E+01	2.027935E+03	1.500000E+03
3.972822E+00	2.102570E+01	2.027939E+03	1.500000E+03
4.014242E+00	2.102683E+01	2.027943E+03	1.500000E+03
4.056095E+00	2.102797E+01	2.027946E+03	1.500000E+03
4.098384E+00	2.102912E+01	2.027950E+03	1.500000E+03
4.141113E+00	2.103029E+01	2.027954E+03	1.500000E+03
4.184289E+00	2.103146E+01	2.027958E+03	1.500000E+03
4.227914E+00	2.103265E+01	2.027962E+03	1.500000E+03
4.271994E+00	2.103385E+01	2.027966E+03	1.500000E+03
4.316534E+00	2.103506E+01	2.027970E+03	1.500000E+03
4.361538E+00	2.103629E+01	2.027974E+03	1.500000E+03
4.407011E+00	2.103753E+01	2.027978E+03	1.500000E+03
4.452959E+00	2.103878E+01	2.027982E+03	1.500000E+03
4.499385E+00	2.104004E+01	2.027986E+03	1.500000E+03
4.546295E+00	2.104132E+01	2.027990E+03	1.500000E+03
4.593695E+00	2.104261E+01	2.027995E+03	1.500000E+03
4.641589E+00	2.104391E+01	2.027999E+03	1.500000E+03
4.689982E+00	2.104523E+01	2.028003E+03	1.500000E+03
4.738880E+00	2.104656E+01	2.028008E+03	1.500000E+03
4.788287E+00	2.104791E+01	2.028012E+03	1.500000E+03
4.838210E+00	2.104927E+01	2.028017E+03	1.500000E+03
4.888653E+00	2.105064E+01	2.028021E+03	1.500000E+03
4.939622E+00	2.105203E+01	2.028026E+03	1.500000E+03
4.991122E+00	2.105343E+01	2.028030E+03	1.500000E+03
5.043159E+00	2.105485E+01	2.028035E+03	1.500000E+03
5.095739E+00	2.105628E+01	2.028040E+03	1.500000E+03
5.148867E+00	2.105773E+01	2.028045E+03	1.500000E+03
5.202549E+00	2.105919E+01	2.028049E+03	1.500000E+03
5.256791E+00	2.106067E+01	2.028054E+03	1.500000E+03
5.311598E+00	2.106216E+01	2.028059E+03	1.500000E+03
5.366977E+00	2.106367E+01	2.028064E+03	1.500000E+03
5.422933E+00	2.106519E+01	2.028069E+03	1.500000E+03
5.479472E+00	2.106673E+01	2.028074E+03	1.500000E+03
5.536601E+00	2.106829E+01	2.028079E+03	1.500000E+03
5.594326E+00	2.106986E+01	2.028085E+03	1.500000E+03
5.652652E+00	2.107145E+01	2.028090E+03	1.500000E+03
5.711586E+00	2.107305E+01	2.028095E+03	1.500000E+03
5.771135E+00	2.107467E+01	2.028100E+03	1.500000E+03
5.831305E+00	2.107631E+01	2.028106E+03	1.500000E+03
5.892102E+00	2.107797E+01	2.028111E+03	1.500000E+03
5.953533E+00	2.107964E+01	2.028117E+03	1.500000E+03
6.015605E+00	2.108133E+01	2.028122E+03	1.500000E+03
6.078323E+00	2.108304E+01	2.028128E+03	1.500000E+03
6.141696E+00	2.108476E+01	2.028134E+03	1.500000E+03
6.205729E+00	2.108651E+01	2.028140E+03	1.500000E+03
6.270430E+00	2.108827E+01	2.028145E+03	1.500000E+03
6.335805E+00	2.109005E+01	2.028151E+03	1.500000E+03
6.401862E+00	2.109185E+01	2.028157E+03	1.500000E+03
6.468608E+00	2.109367E+01	2.028163E+03	1.500000E+03
6.536049E+00	2.109550E+01	2.028169E+03	1.500000E+03
6.604194E+00	2.109736E+01	2.028175E+03	1.500000E+03
6.673049E+00	2.109923E+01	2.028182E+03	1.500000E+03
6.742622E+00	2.110113E+01	2.028188E+03	1.500000E+03
6.812921E+00	2.110304E+01	2.028194E+03	1.500000E+03
6.883952E+00	2.110498E+01	2.028200E+03	1.500000E+03
6.955724E+00	2.110693E+01	2.028207E+03	1.500000E+03
7.028244E+00	2.110891E+01	2.028213E+03	1.500000E+03
7.101521E+00	2.111090E+01	2.028220E+03	1.500000E+03
7.175561E+00	2.111292E+01	2.028227E+03	1.500000E+03
7.250373E+00	2.111496E+01	2.028233E+03	1.500000E+03
7.325965E+00	2.111701E+01	2.028240E+03	1.500000E+03
7.402346E+00	2.111909E+01	2.028247E+03	1.500000E+03
7.479523E+00	2.112120E+01	2.028254E+03	1.500000E+03
7.557504E+00	2.112332E+01	2.028261E+03	1.500000E+03
7.636298E+00	2.112547E+01	2.028268E+03	1.500000E+03
7.715914E+00	2.112763E+01	2.028275E+03	1.500000E+03
7.796360E+00	2.112982E+01	2.028283E+03	1.500000E+03
7.877645E+00	2.113204E+01	2.028290E+03	1.500000E+03
7.959777E+00	2.113427E+01	2.028297E+03	1.500000E+03
8.042765E+00	2.113653E+01	2.028305E+03	1.500000E+03
8.126619E+00	2.113882E+01	2.028312E+03	1.500000E+03
8.211347E+00	2.114113E+01	2.028320E+03	1.500000E+03
8.296959E+00	2.114346E+01	2.028328E+03	1.500000E+03
8.383462E+00	2.114581E+01	2.028335E+03	1.500000E+03
8.470868E+00	2.114819E+01	2.028343E+03	1.500000E+03
8.559185E+00	2.115060E+01	2.028351E+03	1.500000E+03
8.648423E+00	2.115303E+01	2.028359E+03	1.500000E+03
8.738592E+00	2.115548E+01	2.028367E+03	1.500000E+03
8.829700E+00	2.115796E+01	2.028375E+03	1.500000E+03
8.921758E+00	2.116047E+01	2.028384E+03	1.500000E+03
9.014776E+00	2.116300E+01	2.028392E+03	1.500000E+03
9.108764E+00	2.116556E+01	2.028400E+03	1.500000E+03
9.203732E+00	2.116815E+01	2.028409E+03	1.500000E+03
9.299690E+00	2.117076E+01	2.028418E+03	1.500000E+03
9.396648E+00	2.117340E+01	2.028426E+03	1.500000E+03
9.494618E+00	2.117607E+01	2.028435E+03	1.500000E+03
9.593608E+00	2.117877E+01	2.028444E+03	1.500000E+03
9.693631E+00	2.118149E+01	2.028453E+03	1.500000E+03
9.794697E+00	2.118424E+01	2.028462E+03	1.500000E+03
9.896816E+00	2.118702E+01	2.028471E+03	1.500000E+03
1.000000E+01	2.118983E+01	2.028481E+03	1.500000E+03
1.010426E+01	2.118991E+01	2.028481E+03	1.500000E+03
1.020961E+01	2.118999E+01	2.028481E+03	1.500000E+03
1.031605E+01	2.119008E+01	2.028481E+03	1.500000E+03
1.042361E+01	2.119016E+01	2.028482E+03	1.500000E+03
1.053228E+01	2.119024E+01	2.028482E+03	1.500000E+03
1.064209E+01	2.119033E+01	2.028482E+03	1.500000E+03
1.075305E+01	2.119041E+01	2.028483E+03	1.500000E+03
1.086516E+01	2.119050E+01	2.028483E+03	1.500000E+03
1.097844E+01	2.119058E+01	2.028483E+03	1.500000E+03
1.109290E+01	2.119067E+01	2.028484E+03	1.500000E+03
1.120855E+01	2.119076E+01	2.028484E+03	1.500000E+03
1.132541E+01	2.119085E+01	2.028484E+03	1.500000E+03
1.144349E+01	2.119094E+01	2.028485E+03	1.500000E+03
1.156280E+01	2.119103E+01	2.028485E+03	1.500000E+03
1.168335E+01	2.119112E+01	2.028485E+03	1.500000E+03
1.180517E+01	2.119122E+01	2.028486E+03	1.500000E+03
1.192825E+01	2.119131E+01	2.028486E+03	1.500000E+03
1.205261E+01	2.119141E+01	2.028486E+03	1.500000E+03
1.217827E+01	2.119150E+01	2.028487E+03	1.500000E+03
1.230524E+01	2.119160E+01	2.028487E+03	1.500000E+03
1.243353E+01	2.119170E+01	2.028487E+03	1.500000E+03
1.256317E+01	2.119180E+01	2.028488E+03	1.500000E+03
1.269415E+01	2.119190E+01	2.028488E+03	1.500000E+03
1.282650E+01	2.119200E+01	2.028488E+03	1.500000E+03
1.296023E+01	2.119210E+01	2.028489E+03	1.500000E+03
1.309535E+01	2.119220E+01	2.028489E+03	1.500000E+03
1.323188E+01	2.119231E+01	2.028490E+03	1.500000E+03
1.336984E+01	2.119241E+01	2.028490E+03	1.500000E+03
1.350923E+01	2.119252E+01	2.028490E+03	1.500000E+03
1.365008E+01	2.119263E+01	2.028491E+03	1.500000E+03
1.379239E+01	2.119274E+01	2.028491E+03	1.500000E+03
1.393619E+01	2.119285E+01	2.028491E+03	1.500000E+03
1.408149E+01	2.119296E+01	2.028492E+03	1.500000E+03
1.422830E+01	2.119307E+01	2.028492E+03	1.500000E+03
1.437665E+01	2.119318E+01	2.028493E+03	1.500000E+03
1.452654E+01	2.119330E+01	2.028493E+03	1.500000E+03
1.467799E+01	2.119342E+01	2.028494E+03	1.500000E+03
1.483103E+01	2.119353E+01	2.028494E+03	1.500000E+03
1.498565E+01	2.119365E+01	2.028494E+03	1.500000E+03
1.514189E+01	2.119377E+01	2.028495E+03	1.500000E+03
1.529976E+01	2.119389E+01	2.028495E+03	1.500000E+03
1.545928E+01	2.119401E+01	2.028496E+03	1.500000E+03
1.562046E+01	2.119414E+01	2.028496E+03	1.500000E+03
1.578331E+01	2.119426E+01	2.028497E+03	1.500000E+03
1.594787E+01	2.119439E+01	2.028497E+03	1.500000E+03
1.611414E+01	2.119452E+01	2.028498E+03	1.500000E+03
1.628215E+01	2.119464E+01	2.028498E+03	1.500000E+03
1.645191E+01	2.119477E+01	2.028498E+03	1.500000E+03
1.662343E+01	2.119491E+01	2.028499E+03	1.500000E+03
1.679675E+01	2.119504E+01	2.028499E+03	1.500000E+03
1.697187E+01	2.119517E+01	2.028500E+03	1.500000E+03
1.714882E+01	2.119531E+01	2.028500E+03	1.500000E+03
1.732761E+01	2.119544E+01	2.028501E+03	1.500000E+03
1.750827E+01	2.119558E+01	2.028501E+03	1.500000E+03
1.769081E+01	2.119572E+01	2.028502E+03	1.500000E+03
1.787526E+01	2.119586E+01	2.028502E+03	1.500000E+03
1.806162E+01	2.119601E+01	2.028503E+03	1.500000E+03
1.824993E+01	2.119615E+01	2.028503E+03	1.500000E+03
1.844021E+01	2.119630E+01	2.028504E+03	1.500000E+03
1.863246E+01	2.119644E+01	2.028505E+03	1.500000E+03
1.882672E+01	2.119659E+01	2.028505E+03	1.500000E+03
1.902301E+01	2.119674E+01	2.028506E+03	1.500000E+03
1.922135E+01	2.119689E+01	2.028506E+03	1.500000E+03
1.942175E+01	2.119705E+01	2.028507E+03	1.500000E+03
1.962424E+01	2.119720E+01	2.028507E+03	1.500000E+03
1.982884E+01	2.119736E+01	2.028508E+03	1.500000E+03
2.003557E+01	2.119752E+01	2.028508E+03	1.500000E+03
2.024447E+01	2.119768E+01	2.028509E+03	1.500000E+03
2.045553E+01	2.119784E+01	2.028510E+03	1.500000E+03
2.066880E+01	2.119800E+01	2.028510E+03	1.500000E+03
2.088430E+01	2.119817E+01	2.028511E+03	1.500000E+03
2.110203E+01	2.119833E+01	2.028511E+03	1.500000E+03
2.132204E+01	2.119850E+01	2.028512E+03	1.500000E+03
2.154435E+01	2.119867E+01	2.028513E+03	1.500000E+03
2.176897E+01	2.119885E+01	2.028513E+03	1.500000E+03
2.199593E+01	2.119902E+01	2.028514E+03	1.500000E+03
2.222526E+01	2.119919E+01	2.028514E+03	1.500000E+03
2.245698E+01	2.119937E+01	2.028515E+03	1.500000E+03
2.269112E+01	2.119955E+01	2.028516E+03	1.500000E+03
2.292769E+01	2.119973E+01	2.028516E+03	1.500000E+03
2.316674E+01	2.119992E+01	2.028517E+03	1.500000E+03
2.340827E+01	2.120010E+01	2.028518E+03	1.500000E+03
2.365233E+01	2.120029E+01	2.028518E+03	1.500000E+03
2.389893E+01	2.120048E+01	2.028519E+03	1.500000E+03
2.414810E+01	2.120067E+01	2.028520E+03	1.500000E+03
2.439986E+01	2.120086E+01	2.028520E+03	1.500000E+03
2.465426E+01	2.120105E+01	2.028521E+03	1.500000E+03
2.491130E+01	2.120125E+01	2.028522E+03	1.500000E+03
2.517102E+01	2.120145E+01	2.028523E+03	1.500000E+03
2.543346E+01	2.120165E+01	2.028523E+03	1.500000E+03
2.569863E+01	2.120185E+01	2.028524E+03	1.500000E+03
2.596656E+01	2.120206E+01	2.028525E+03	1.500000E+03
2.623729E+01	2.120227E+01	2.028526E+03	1.500000E+03
2.651084E+01	2.120248E+01	2.028526E+03	1.500000E+03
2.678724E+01	2.120269E+01	2.028527E+03	1.500000E+03
2.706652E+01	2.120290E+01	2.028528E+03	1.500000E+03
2.734872E+01	2.120312E+01	2.028529E+03	1.500000E+03
2.763385E+01	2.120334E+01	2.028529E+03	1.500000E+03
2.792196E+01	2.120356E+01	2.028530E+03	1.500000E+03
2.821308E+01	2.120378E+01	2.028531E+03	1.500000E+03
2.850723E+01	2.120400E+01	2.028532E+03	1.500000E+03
2.880444E+01	2.120423E+01	2.028533E+03	1.500000E+03
2.910476E+01	2.120446E+01	2.028534E+03	1.500000E+03
2.940820E+01	2.120469E+01	2.028534E+03	1.500000E+03
2.971481E+01	2.120493E+01	2.028535E+03	1.500000E+03
3.002462E+01	2.120517E+01	2.028536E+03	1.500000E+03
3.033765E+01	2.120541E+01	2.028537E+03	1.500000E+03
3.065395E+01	2.120565E+01	2.028538E+03	1.500000E+03
3.097355E+01	2.120589E+01	2.028539E+03	1.500000E+03
3.129648E+01	2.120614E+01	2.028540E+03	1.500000E+03
3.162278E+01	2.120639E+01	2.028541E+03	1.500000E+03
3.195248E+01	2.120664E+01	2.028541E+03	1.500000E+03
3.228561E+01	2.120690E+01	2.028542E+03	1.500000E+03
3.262222E+01	2.120716E+01	2.028543E+03	1.500000E+03
3.296234E+01	2.120742E+01	2.028544E+03	1.500000E+03
3.330600E+01	2.120768E+01	2.028545E+03	1.500000E+03
3.365325E+01	2.120794E+01	2.028546E+03	1.500000E+03
3.400412E+01	2.120821E+01	2.028547E+03	1.500000E+03
3.435865E+01	2.120849E+01	2.028548E+03	1.500000E+03
3.471687E+01	2.120876E+01	2.028549E+03	1.500000E+03
3.507883E+01	2.120904E+01	2.028550E+03	1.500000E+03
3.544456E+01	2.120921E+01	2.028551E+03	1.500000E+03
3.581410E+01	2.120930E+01	2.028551E+03	1.500000E+03
3.618750E+01	2.120940E+01	2.028551E+03	1.500000E+03
3.656479E+01	2.120949E+01	2.028552E+03	1.500000E+03
3.694601E+01	2.120959E+01	2.028552E+03	1.500000E+03
3.733121E+01	2.120968E+01	2.028553E+03	1.500000E+03
3.772042E+01	2.120978E+01	2.028553E+03	1.500000E+03
3.811370E+01	2.120988E+01	2.028553E+03	1.500000E+03
3.851107E+01	2.120998E+01	2.028554E+03	1.500000E+03
3.891259E+01	2.121008E+01	2.028554E+03	1.500000E+03
3.931829E+01	2.121018E+01	2.028555E+03	1.500000E+03
3.972822E+01	2.121028E+01	2.028555E+03	1.500000E+03
4.014242E+01	2.121038E+01	2.028555E+03	1.500000E+03
4.056095E+01	2.121049E+01	2.028556E+03	1.500000E+03
4.098384E+01	2.121060E+01	2.028556E+03	1.500000E+03
4.141113E+01	2.121070E+01	2.028557E+03	1.500000E+03
4.184289E+01	2.121081E+01	2.028557E+03	1.500000E+03
4.227914E+01	2.121092E+01	2.028558E+03	1.500000E+03
4.271994E+01	2.121103E+01	2.028558E+03	1.500000E+03
4.316534E+01	2.121114E+01	2.028558E+03	1.500000E+03
4.361538E+01	2.121125E+01	2.028559E+03	1.500000E+03
4.407011E+01	2.121137E+01	2.028559E+03	1.500000E+03
4.452959E+01	2.121148E+01	2.028560E+03	1.500000E+03
4.499385E+01	2.121160E+01	2.028560E+03	1.500000E+03
4.546295E+01	2.121172E+01	2.028561E+03	1.500000E+03
4.593695E+01	2.121183E+01	2.028561E+03	1.500000E+03
4.641589E+01	2.121195E+01	2.028562E+03	1.500000E+03
4.689982E+01	2.121208E+01	2.028562E+03	1.500000E+03
4.738880E+01	2.121220E+01	2.028563E+03	1.500000E+03
4.788287E+01	2.121232E+01	2.028563E+03	1.500000E+03
4.838210E+01	2.121245E+01	2.028564E+03	1.500000E+03
4.888653E+01	2.121257E+01	2.028564E+03	1.500000E+03
4.939622E+01	2.121270E+01	2.028565E+03	1.500000E+03
4.991122E+01	2.121283E+01	2.028565E+03	1.500000E+03
5.043159E+01	2.121296E+01	2.028566E+03	1.500000E+03
5.095739E+01	2.121309E+01	2.028566E+03	1.500000E+03
5.148867E+01	2.121322E+01	2.028567E+03	1.500000E+03
5.202549E+01	2.121336E+01	2.028567E+03	1.500000E+03
5.256791E+01	2.121349E+01	2.028568E+03	1.500000E+03
5.311598E+01	2.121363E+01	2.028568E+03	1.500000E+03
5.366977E+01	2.121377E+01	2.028569E+03	1.500000E+03
5.422933E+01	2.121391E+01	2.028570E+03	1.500000E+03
5.479472E+01	2.121405E+01	2.028570E+03	1.500000E+03
5.536601E+01	2.121419E+01	2.028571E+03	1.500000E+03
5.594326E+01	2.121434E+01	2.028571E+03	1.500000E+03
5.652652E+01	2.121448E+01	2.028572E+03	1.500000E+03
5.711586E+01	2.121463E+01	2.028572E+03	1.500000E+03
5.771135E+01	2.121478E+01	2.028573E+03	1.500000E+03
5.831305E+01	2.121493E+01	2.028574E+03	1.500000E+03
5.892102E+01	2.121508E+01	2.028574E+03	1.500000E+03
5.953533E+01	2.121524E+01	2.028575E+03	1.500000E+03
6.015605E+01	2.121539E+01	2.028576E+03	1.500000E+03
6.078323E+01	2.121555E+01	2.028576E+03	1.500000E+03
6.141696E+01	2.121571E+01	2.028577E+03	1.500000E+03
6.205729E+01	2.121574E+01	2.028577E+03	1.500000E+03
6.270430E+01	2.121574E+01	2.028577E+03	1.500000E+03
6.335805E+01	2.121574E+01	2.028577E+03	1.500000E+03
6.401862E+01	2.121574E+01	2.028577E+03	1.500000E+03
6.468608E+01	2.121574E+01	2.028577E+03	1.500000E+03
6.536049E+01	2.121574E+01	2.028577E+03	1.500000E+03
6.604194E+01	2.121574E+01	2.028577E+03	1.500000E+03
6.673049E+01	2.121574E+01	2.028577E+03	1.500000E+03
6.742622E+01	2.121574E+01	2.028577E+03	1.500000E+03
6.812921E+01	2.121574E+01	2.028577E+03	1.500000E+03
6.883952E+01	2.121574E+01	2.028577E+03	1.500000E+03
6.955724E+01	2.121574E+01	2.028577E+03	1.500000E+03
7.028244E+01	2.121574E+01	2.028577E+03	1.500000E+03
7.101521E+01	2.121574E+01	2.028577E+03	1.500000E+03
7.175561E+01	2.121574E+01	2.028577E+03	1.500000E+03
7.250373E+01	2.121574E+01	2.028577E+03	1.500000E+03
7.325965E+01	2.121574E+01	2.028577E+03	1.500000E+03
7.402346E+01	2.121574E+01	2.028577E+03	1.500000E+03
7.479523E+01	2.121574E+01	2.028577E+03	1.500000E+03
7.557504E+01	2.121574E+01	2.028577E+03	1.500000E+03
7.636298E+01	2.121574E+01	2.028577E+03	1.500000E+03
7.715914E+01	2.121574E+01	2.028577E+03	1.500000E+03
7.796360E+01	2.121574E+01	2.028577E+03	1.500000E+03
7.877645E+01	2.121574E+01	2.028577E+03	1.500000E+03
7.959777E+01	2.121574E+01	2.028577E+03	1.500000E+03
8.042765E+01	2.121574E+01	2.028577E+03	1.500000E+03
8.126619E+01	2.121574E+01	2.028577E+03	1.500000E+03
8.211347E+01	2.121574E+01	2.028577E+03	1.500000E+03
8.296959E+01	2.121574E+01	2.028577E+03	1.500000E+03
8.383462E+01	2.121574E+01	2.028577E+03	1.500000E+03
8.470868E+01	2.121574E+01	2.028577E+03	1.500000E+03
8.559185E+01	2.121574E+01	2.028577E+03	1.500000E+03
8.648423E+01	2.121574E+01	2.028577E+03	1.500000E+03
8.738592E+01	2.121574E+01	2.028577E+03	1.500000E+03
8.829700E+01	2.121574E+01	2.028577E+03	1.500000E+03
8.921758E+01	2.121574E+01	2.028577E+03	1.500000E+03
9.014776E+01	2.121574E+01	2.028577E+03	1.500000E+03
9.108764E+01	2.121574E+01	2.028577E+03	1.500000E+03
9.203732E+01	2.121574E+01	2.028577E+03	1.500000E+03
9.299690E+01	2.121574E+01	2.028577E+03	1.500000E+03
9.396648E+01	2.121574E+01	2.028577E+03	1.500000E+03
9.494618E+01	2.121574E+01	2.028577E+03	1.500000E+03
9.593608E+01	2.121574E+01	2.028577E+03	1.500000E+03
9.693631E+01	2.121574E+01	2.028577E+03	1.500000E+03
9.794697E+01	2.121574E+01	2.028577E+03	1.500000E+03
9.896816E+01	2.121574E+01	2.028577E+03	1.500000E+03
1.000000E+02	2.121574E+01	2.028577E+03	1.500000E+03
1.010426E+02	2.121574E+01	2.028577E+03	1.500000E+03
1.020961E+02	2.121574E+01	2.028577E+03	1.500000E+03
1.031605E+02	2.121574E+01	2.028577E+03	1.500000E+03
1.042361E+02	2.121574E+01	2.028577E+03	1.500000E+03
1.053228E+02	2.121574E+01	2.028577E+03	1.500000E+03
1.064209E+02	2.121574E+01	2.028577E+03	1.500000E+03
1.075305E+02	2.121574E+01	2.028577E+03	1.500000E+03
1.086516E+02	2.121574E+01	2.028577E+03	1.500000E+03
1.097844E+02	2.121574E+01	2.028577E+03	1.500000E+03
1.109290E+02	2.121574E+01	2.028577E+03	1.500000E+03
1.120855E+02	2.121574E+01	2.028577E+03	1.500000E+03
1.132541E+02	2.121574E+01	2.028577E+03	1.500000E+03
1.144349E+02	2.121574E+01	2.028577E+03	1.500000E+03
1.156280E+02	2.121574E+01	2.028577E+03	1.500000E+03
1.168335E+02	2.121574E+01	2.028577E+03	1.500000E+03
1.180517E+02	2.121574E+01	2.028577E+03	1.500000E+03
1.192825E+02	2.121574E+01	2.028577E+03	1.500000E+03
1.205261E+02	2.121574E+01	2.028577E+03	1.500000E+03
1.217827E+02	2.121574E+01	2.028577E+03	1.500000E+03
1.230524E+02	2.121574E+01	2.028577E+03	1.500000E+03
1.243353E+02	2.121574E+01	2.028577E+03	1.500000E+03
1.256317E+02	2.121574E+01	2.028577E+03	1.500000E+03
1.269415E+02	2.121574E+01	2.028577E+03	1.500000E+03
1.282650E+02	2.121574E+01	2.028577E+03	1.500000E+03
1.296023E+02	2.121574E+01	2.028577E+03	1.500000E+03
1.309535E+02	2.121574E+01	2.028577E+03	1.500000E+03
1.323188E+02	2.121574E+01	2.028577E+03	1.500000E+03
1.336984E+02	2.121574E+01	2.028577E+03	1.500000E+03
1.350923E+02	2.121574E+01	2.028577E+03	1.500000E+03
1.365008E+02	2.121574E+01	2.028577E+03	1.500000E+03
1.379239E+02	2.121574E+01	2.028577E+03	1.500000E+03
1.393619E+02	2.121574E+01	2.028577E+03	1.500000E+03
1.408149E+02	2.121574E+01	2.028577E+03	1.500000E+03
1.422830E+02	2.121574E+01	2.028577E+03	1.500000E+03
1.437665E+02	2.121574E+01	2.028577E+03	1.500000E+03
1.452654E+02	2.121574E+01	2.028577E+03	1.500000E+03
1.467799E+02	2.121574E+01	2.028577E+03	1.500000E+03
1.483103E+02	2.121574E+01	2.028577E+03	1.500000E+03
1.498565E+02	2.121574E+01	2.028577E+03	1.500000E+03
1.514189E+02	2.121574E+01	2.028577E+03	1.500000E+03
1.529976E+02	2.121574E+01	2.028577E+03	1.500000E+03
1.545928E+02	2.121574E+01	2.028577E+03	1.500000E+03
1.562046E+02	2.121574E+01	2.028577E+03	1.500000E+03
1.578331E+02	2.121574E+01	2.028577E+03	1.500000E+03
1.594787E+02	2.121574E+01	2.028577E+03	1.500000E+03
1.611414E+02	2.121574E+01	2.028577E+03	1.500000E+03
1.628215E+02	2.121574E+01	2.028577E+03	1.500000E+03
1.645191E+02	2.121574E+01	2.028577E+03	1.500000E+03
1.662343E+02	2.121574E+01	2.028577E+03	1.500000E+03
1.679675E+02	2.121574E+01	2.028577E+03	1.500000E+03
1.697187E+02	2.121574E+01	2.028577E+03	1.500000E+03
1.714882E+02	2.121574E+01	2.028577E+03	1.500000E+03
1.732761E+02	2.121574E+01	2.028577E+03	1.500000E+03
1.750827E+02	2.121574E+01	2.028577E+03	1.500000E+03
1.769081E+02	2.121574E+01	2.028577E+03	1.500000E+03
1.787526E+02	2.121574E+01	2.028577E+03	1.500000E+03
1.806162E+02	2.121574E+01	2.028577E+03	1.500000E+03
1.824993E+02	2.121574E+01	2.028577E+03	1.500000E+03
1.844021E+02	2.121574E+01	2.028577E+03	1.500000E+03
1.863246E+02	2.121574E+01	2.028577E+03	1.500000E+03
1.882672E+02	2.121574E+01	2.028577E+03	1.500000E+03
1.902301E+02	2.121574E+01	2.028577E+03	1.500000E+03
1.922135E+02	2.121574E+01	2.028577E+03	1.500000E+03
1.942175E+02	2.121574E+01	2.028577E+03	1.500000E+03
1.962424E+02	2.121574E+01	2.028577E+03	1.500000E+03
1.982884E+02	2.121574E+01	2.028577E+03	1.500000E+03
2.003557E+02	2.121574E+01	2.028577E+03	1.500000E+03
2.024447E+02	2.121574E+01	2.028577E+03	1.500000E+03
2.045553E+02	2.121574E+01	2.028577E+03	1.500000E+03
2.066880E+02	2.121574E+01	2.028577E+03	1.500000E+03
2.088430E+02	2.121574E+01	2.028577E+03	1.500000E+03
2.110203E+02	2.121574E+01	2.028577E+03	1.500000E+03
2.132204E+02	2.121574E+01	2.028577E+03	1.500000E+03
2.154435E+02	2.121574E+01	2.028577E+03	1.500000E+03
2.176897E+02	2.121574E+01	2.028577E+03	1.500000E+03
2.199593E+02	2.121574E+01	2.028577E+03	1.500000E+03
2.222526E+02	2.121574E+01	2.028577E+03	1.500000E+03
2.245698E+02	2.121574E+01	2.028577E+03	1.500000E+03
2.269112E+02	2.121574E+01	2.028577E+03	1.500000E+03
2.292769E+02	2.121574E+01	2.028577E+03	1.500000E+03
2.316674E+02	2.121574E+01	2.028577E+03	1.500000E+03
2.340827E+02	2.121574E+01	2.028577E+03	1.500000E+03
2.365233E+02	2.121574E+01	2.028577E+03	1.500000E+03
2.389893E+02	2.121574E+01	2.028577E+03	1.500000E+03
2.414810E+02	2.121574E+01	2.028577E+03	1.500000E+03
2.439986E+02	2.121574E+01	2.028577E+03	1.500000E+03
2.465426E+02	2.121574E+01	2.028577E+03	1.500000E+03
2.491130E+02	2.121574E+01	2.028577E+03	1.500000E+03
2.517102E+02	2.121574E+01	2.028577E+03	1.500000E+03
2.543346E+02	2.121574E+01	2.028577E+03	1.500000E+03
2.569863E+02	2.121574E+01	2.028577E+03	1.500000E+03
2.596656E+02	2.121574E+01	2.028577E+03	1.500000E+03
2.623729E+02	2.121574E+01	2.028577E+03	1.500000E+03
2.651084E+02	2.121574E+01	2.028577E+03	1.500000E+03
2.678724E+02	2.121574E+01	2.028577E+03	1.500000E+03
2.706652E+02	2.121574E+01	2.028577E+03	1.500000E+03
2.734872E+02	2.121574E+01	2.028577E+03	1.500000E+03
2.763385E+02	2.121574E+01	2.028577E+03	1.500000E+03
2.792196E+02	2.121574E+01	2.028577E+03	1.500000E+03
2.821308E+02	2.121574E+01	2.028577E+03	1.500000E+03
2.850723E+02	2.121574E+01	2.028577E+03	1.500000E+03
2.880444E+02	2.121574E+01	2.028577E+03	1.500000E+03
2.910476E+02	2.121574E+01	2.028577E+03	1.500000E+03
2.940820E+02	2.121574E+01	2.028577E+03	1.500000E+03
2.971481E+02	2.121574E+01	2.028577E+03	1.500000E+03
3.002462E+02	2.121574E+01	2.028577E+03	1.500000E+03
3.033765E+02	2.121574E+01	2.028577E+03	1.500000E+03
3.065395E+02	2.121574E+01	2.028577E+03	1.500000E+03
3.097355E+02	2.121574E+01	2.028577E+03	1.500000E+03
3.129648E+02	2.121574E+01	2.028577E+03	1.500000E+03
3.162278E+02	2.121574E+01	2.028577E+03	1.500000E+03
3.195248E+02	2.121574E+01	2.028577E+03	1.500000E+03
3.228561E+02	2.121574E+01	2.028577E+03	1.500000E+03
3.262222E+02	2.121574E+01	2.028577E+03	1.500000E+03
3.296234E+02	2.121574E+01	2.028577E+03	1.500000E+03
3.330600E+02	2.121574E+01	2.028577E+03	1.500000E+03
3.365325E+02	2.121574E+01	2.028577E+03	1.500000E+03
3.400412E+02	2.121574E+01	2.028577E+03	1.500000E+03
3.435865E+02	2.121574E+01	2.028577E+03	1.500000E+03
3.471687E+02	2.121574E+01	2.028577E+03	1.500000E+03
3.507883E+02	2.121574E+01	2.028577E+03	1.500000E+03
3.544456E+02	2.121574E+01	2.028577E+03	1.500000E+03
3.581410E+02	2.121574E+01	2.028577E+03	1.500000E+03
3.618750E+02	2.121574E+01	2.028577E+03	1.500000E+03
3.656479E+02	2.121574E+01	2.028577E+03	1.500000E+03
3.694601E+02	2.121574E+01	2.028577E+03	1.500000E+03
3.733121E+02	2.121574E+01	2.028577E+03	1.500000E+03
3.772042E+02	2.121574E+01	2.028577E+03	1.500000E+03
3.811370E+02	2.121574E+01	2.028577E+03	1.500000E+03
3.851107E+02	2.121574E+01	2.028577E+03	1.500000E+03
3.891259E+02	2.121574E+01	2.028577E+03	1.500000E+03
3.931829E+02	2.121574E+01	2.028577E+03	1.500000E+03
3.972822E+02	2.121574E+01	2.028577E+03	1.500000E+03
4.014242E+02	2.121574E+01	2.028577E+03	1.500000E+03
4.056095E+02	2.121574E+01	2.028577E+03	1.500000E+03
4.098384E+02	2.121574E+01	2.028577E+03	1.500000E+03
4.141113E+02	2.121574E+01	2.028577E+03	1.500000E+03
4.184289E+02	2.121626E+01	2.028578E+03	1.500000E+03
4.227914E+02	2.121681E+01	2.028580E+03	1.500000E+03
4.271994E+02	2.121736E+01	2.028582E+03	1.500000E+03
4.316534E+02	2.121792E+01	2.028583E+03	1.500000E+03
4.361538E+02	2.121849E+01	2.028585E+03	1.500000E+03
4.407011E+02	2.121906E+01	2.028587E+03	1.500000E+03
4.452959E+02	2.121964E+01	2.028588E+03	1.500000E+03
4.499385E+02	2.122022E+01	2.028590E+03	1.500000E+03
4.546295E+02	2.122081E+01	2.028592E+03	1.500000E+03
4.593695E+02	2.122141E+01	2.028594E+03	1.500000E+03
4.641589E+02	2.122196E+01	2.028595E+03	1.500000E+03
4.689982E+02	2.122196E+01	2.028595E+03	1.500000E+03
4.738880E+02	2.122196E+01	2.028595E+03	1.500000E+03
4.788287E+02	2.122196E+01	2.028595E+03	1.500000E+03
4.838210E+02	2.122196E+01	2.028595E+03	1.500000E+03
4.888653E+02	2.122196E+01	2.028595E+03	1.500000E+03
4.939622E+02	2.122196E+01	2.028595E+03	1.500000E+03
4.991122E+02	2.122196E+01	2.028595E+03	1.500000E+03
5.043159E+02	2.122196E+01	2.028595E+03	1.500000E+03
5.095739E+02	2.122196E+01	2.028595E+03	1.500000E+03
5.148867E+02	2.122196E+01	2.028595E+03	1.500000E+03
5.202549E+02	2.122196E+01	2.028595E+03	1.500000E+03
5.256791E+02	2.122196E+01	2.028595E+03	1.500000E+03
5.311598E+02	2.122196E+01	2.028595E+03	1.500000E+03
5.366977E+02	2.122196E+01	2.028595E+03	1.500000E+03
5.422933E+02	2.122196E+01	2.028595E+03	1.500000E+03
5.479472E+02	2.122196E+01	2.028595E+03	1.500000E+03
5.536601E+02	2.122196E+01	2.028595E+03	1.500000E+03
5.594326E+02	2.122196E+01	2.028595E+03	1.500000E+03
5.652652E+02	2.122196E+01	2.028595E+03	1.500000E+03
5.711586E+02	2.122196E+01	2.028595E+03	1.500000E+03
5.771135E+02	2.122196E+01	2.028595E+03	1.500000E+03
5.831305E+02	2.122196E+01	2.028595E+03	1.500000E+03
5.892102E+02	2.122196E+01	2.028595E+03	1.500000E+03
5.953533E+02	2.122196E+01	2.028595E+03	1.500000E+03
6.015605E+02	2.122196E+01	2.028595E+03	1.500000E+03
6.078323E+02	2.122196E+01	2.028595E+03	1.500000E+03
6.141696E+02	2.122196E+01	2.028595E+03	1.500000E+03
6.205729E+02	2.122196E+01	2.028595E+03	1.500000E+03
6.270430E+02	2.122196E+01	2.028595E+03	1.500000E+03
6.335805E+02	2.122196E+01	2.028595E+03	1.500000E+03
6.401862E+02	2.122196E+01	2.028595E+03	1.500000E+03
6.468608E+02	2.122196E+01	2.028595E+03	1.500000E+03
6.536049E+02	2.122196E+01	2.028595E+03	1.500000E+03
6.604194E+02	2.122196E+01	2.028595E+03	1.500000E+03
6.673049E+02	2.122196E+01	2.028595E+03	1.500000E+03
6.742622E+02	2.122196E+01	2.028595E+03	1.500000E+03
6.812921E+02	2.122196E+01	2.028595E+03	1.500000E+03
6.883952E+02	2.122196E+01	2.028595E+03	1.500000E+03
6.955724E+02	2.122196E+01	2.028595E+03	1.500000E+03
7.028244E+02	2.122196E+01	2.028595E+03	1.500000E+03
7.101521E+02	2.122196E+01	2.028595E+03	1.500000E+03
7.175561E+02	2.122196E+01	2.028595E+03	1.500000E+03
7.250373E+02	2.122196E+01	2.028595E+03	1.500000E+03
7.325965E+02	2.122196E+01	2.028595E+03	1.500000E+03
7.402346E+02	2.122196E+01	2.028595E+03	1.500000E+03
7.479523E+02	2.122196E+01	2.028595E+03	1.500000E+03
7.557504E+02	2.122196E+01	2.028595E+03	1.500000E+03
7.636298E+02	2.122196E+01	2.028595E+03	1.500000E+03
7.715914E+02	2.122196E+01	2.028595E+03	1.500000E+03
7.796360E+02	2.122196E+01	2.028595E+03	1.500000E+03
7.877645E+02	2.122196E+01	2.028595E+03	1.500000E+03
7.959777E+02	2.122196E+01	2.028595E+03	1.500000E+03
8.042765E+02	2.122196E+01	2.028595E+03	1.500000E+03
8.126619E+02	2.122196E+01	2.028595E+03	1.500000E+03
8.211347E+02	2.122196E+01	2.028595E+03	1.500000E+03
8.296959E+02	2.122196E+01	2.028595E+03	1.500000E+03
8.383462E+02	2.122196E+01	2.028595E+03	1.500000E+03
8.470868E+02	2.122196E+01	2.028595E+03	1.500000E+03
8.559185E+02	2.122196E+01	2.028595E+03	1.500000E+03
8.648423E+02	2.122196E+01	2.028595E+03	1.500000E+03
8.738592E+02	2.122196E+01	2.028595E+03	1.500000E+03
8.829700E+02	2.122196E+01	2.028595E+03	1.500000E+03
8.921758E+02	2.122196E+01	2.028595E+03	1.500000E+03
9.014776E+02	2.122196E+01	2.028595E+03	1.500000E+03
9.108764E+02	2.122196E+01	2.028595E+03	1.500000E+03
9.203732E+02	2.122196E+01	2.028595E+03	1.500000E+03
9.299690E+02	2.122196E+01	2.028595E+03	1.500000E+03
9.396648E+02	2.122196E+01	2.028595E+03	1.500000E+03
9.494618E+02	2.122196E+01	2.028595E+03	1.500000E+03
9.593608E+02	2.122196E+01	2.028595E+03	1.500000E+03
9.693631E+02	2.122196E+01	2.028595E+03	1.500000E+03
9.794697E+02	2.122196E+01	2.028595E+03	1.500000E+03
9.896816E+02	2.122196E+01	2.028595E+03	1.500000E+03
1.000000E+03	2.122196E+01	2.028595E+03	1.500000E+03
1.010426E+03	2.122196E+01	2.028595E+03	1.500000E+03
1.020961E+03	2.122196E+01	2.028595E+03	1.500000E+03
1.031605E+03	2.122196E+01	2.028595E+03	1.500000E+03
1.042361E+03	2.122196E+01	2.028595E+03	1.500000E+03
1.053228E+03	2.122196E+01	2.028595E+03	1.500000E+03
1.064209E+03	2.122196E+01	2.028595E+03	1.500000E+03
1.075305E+03	2.122196E+01	2.028595E+03	1.500000E+03
1.086516E+03	2.122196E+01	2.028595E+03	1.500000E+03
1.097844E+03	2.122196E+01	2.028595E+03	1.500000E+03
1.109290E+03	2.122196E+01	2.028595E+03	1.500000E+03
1.120855E+03	2.122196E+01	2.028595E+03	1.500000E+03
1.132541E+03	2.122196E+01	2.028595E+03	1.500000E+03
1.144349E+03	2.122196E+01	2.028595E+03	1.500000E+03
1.156280E+03	2.122196E+01	2.028595E+03	1.500000E+03
1.168335E+03	2.122196E+01	2.028595E+03	1.500000E+03
1.180517E+03	2.122196E+01	2.028595E+03	1.500000E+03
1.192825E+03	2.122196E+01	2.028595E+03	1.500000E+03
1.205261E+03	2.122196E+01	2.028595E+03	1.500000E+03
1.217827E+03	2.122196E+01	2.028595E+03	1.500000E+03
1.230524E+03	2.122196E+01	2.028595E+03	1.500000E+03
1.243353E+03	2.122196E+01	2.028595E+03	1.500000E+03
1.256317E+03	2.122196E+01	2.028595E+03	1.500000E+03
1.269415E+03	2.122196E+01	2.028595E+03	1.500000E+03
1.282650E+03	2.122196E+01	2.028595E+03	1.500000E+03
1.296023E+03	2.122196E+01	2.028595E+03	1.500000E+03
1.309535E+03	2.122196E+01	2.028595E+03	1.500000E+03
1.323188E+03	2.122196E+01	2.028595E+03	1.500000E+03
1.336984E+03	2.122196E+01	2.028595E+03	1.500000E+03
1.350923E+03	2.122196E+01	2.028595E+03	1.500000E+03
1.365008E+03	2.122196E+01	2.028595E+03	1.500000E+03
1.379239E+03	2.122196E+01	2.028595E+03	1.500000E+03
1.393619E+03	2.122196E+01	2.028595E+03	1.500000E+03
1.408149E+03	2.122196E+01	2.028595E+03	1.500000E+03
1.422830E+03	2.122196E+01	2.028595E+03	1.500000E+03
1.437665E+03	2.122196E+01	2.028595E+03	1.500000E+03
1.452654E+03	2.122196E+01	2.028595E+03	1.500000E+03
1.467799E+03	2.122196E+01	2.028595E+03	1.500000E+03
1.483103E+03	2.122196E+01	2.028595E+03	1.500000E+03
1.498565E+03	2.122196E+01	2.028595E+03	1.500000E+03
1.514189E+03	2.122196E+01	2.028595E+03	1.500000E+03
1.529976E+03	2.122196E+01	2.028595E+03	1.500000E+03
1.545928E+03	2.122196E+01	2.028595E+03	1.500000E+03
1.562046E+03	2.122196E+01	2.028595E+03	1.500000E+03
1.578331E+03	2.122196E+01	2.028595E+03	1.500000E+03
1.594787E+03	2.122196E+01	2.028595E+03	1.500000E+03
1.611414E+03	2.122196E+01	2.028595E+03	1.500000E+03
1.628215E+03	2.122196E+01	2.028595E+03	1.500000E+03
1.645191E+03	2.122196E+01	2.028595E+03	1.500000E+03
1.662343E+03	2.122196E+01	2.028595E+03	1.500000E+03
1.679675E+03	2.122196E+01	2.028595E+03	1.500000E+03
1.697187E+03	2.122196E+01	2.028595E+03	1.500000E+03
1.714882E+03	2.122196E+01	2.028595E+03	1.500000E+03
1.732761E+03	2.122196E+01	2.028595E+03	1.500000E+03
1.750827E+03	2.122196E+01	2.028595E+03	1.500000E+03
1.769081E+03	2.122196E+01	2.028595E+03	1.500000E+03
1.787526E+03	2.122196E+01	2.028595E+03	1.500000E+03
1.806162E+03	2.122196E+01	2.028595E+03	1.500000E+03
1.824993E+03	2.122196E+01	2.028595E+03	1.500000E+03
1.844021E+03	2.122196E+01	2.028595E+03	1.500000E+03
1.863246E+03	2.122196E+01	2.028595E+03	1.500000E+03
1.882672E+03	2.122196E+01	2.028595E+03	1.500000E+03
1.902301E+03	2.122196E+01	2.028595E+03	1.500000E+03
1.922135E+03	2.122196E+01	2.028595E+03	1.500000E+03
1.942175E+03	2.122196E+01	2.028595E+03	1.500000E+03
1.962424E+03	2.122196E+01	2.028595E+03	1.500000E+03
1.982884E+03	2.122196E+01	2.028595E+03	1.500000E+03
2.003557E+03	2.122196E+01	2.028595E+03	1.500000E+03
2.024447E+03	2.122196E+01	2.028595E+03	1.500000E+03
2.045553E+03	2.122196E+01	2.028595E+03	1.500000E+03
2.066880E+03	2.122196E+01	2.028595E+03	1.500000E+03
2.088430E+03	2.122196E+01	2.028595E+03	1.500000E+03
2.110203E+03	2.122196E+01	2.028595E+03	1.500000E+03
2.132204E+03	2.122196E+01	2.028595E+03	1.500000E+03
2.154435E+03	2.122196E+01	2.028595E+03	1.500000E+03
2.176897E+03	2.122196E+01	2.028595E+03	1.500000E+03
2.199593E+03	2.122196E+01	2.028595E+03	1.500000E+03
2.222526E+03	2.122196E+01	2.028595E+03	1.500000E+03
2.245698E+03	2.122196E+01	2.028595E+03	1.500000E+03
2.269112E+03	2.122196E+01	2.028595E+03	1.500000E+03
2.292769E+03	2.122196E+01	2.028595E+03	1.500000E+03
2.316674E+03	2.122196E+01	2.028595E+03	1.500000E+03
2.340827E+03	2.122196E+01	2.028595E+03	1.500000E+03
2.365233E+03	2.122196E+01	2.028595E+03	1.500000E+03
2.389893E+03	2.122196E+01	2.028595E+03	1.500000E+03
2.414810E+03	2.122196E+01	2.028595E+03	1.500000E+03
2.439986E+03	2.122196E+01	2.028595E+03	1.500000E+03
2.465426E+03	2.122196E+01	2.028595E+03	1.500000E+03
2.491130E+03	2.122196E+01	2.028595E+03	1.500000E+03
2.517102E+03	2.122196E+01	2.028595E+03	1.500000E+03
2.543346E+03	2.122196E+01	2.028595E+03	1.500000E+03
2.569863E+03	2.122196E+01	2.028595E+03	1.500000E+03
2.596656E+03	2.122196E+01	2.028595E+03	1.500000E+03
2.623729E+03	2.122196E+01	2.028595E+03	1.500000E+03
2.651084E+03	2.122196E+01	2.028595E+03	1.500000E+03
2.678724E+03	2.122196E+01	2.028595E+03	1.500000E+03
2.706652E+03	2.122196E+01	2.028595E+03	1.500000E+03
2.734872E+03	2.122196E+01	2.028595E+03	1.500000E+03
2.763385E+03	2.122196E+01	2.028595E+03	1.500000E+03
2.792196E+03	2.122196E+01	2.028595E+03	1.500000E+03
2.821308E+03	2.122196E+01	2.028595E+03	1.500000E+03
2.850723E+03	2.122196E+01	2.028595E+03	1.500000E+03
2.880444E+03	2.122196E+01	2.028595E+03	1.500000E+03
2.910476E+03	2.122196E+01	2.028595E+03	1.500000E+03
2.940820E+03	2.122196E+01	2.028595E+03	1.500000E+03
2.971481E+03	2.122196E+01	2.028595E+03	1.500000E+03
3.002462E+03	2.122196E+01	2.028595E+03	1.500000E+03
3.033765E+03	2.122196E+01	2.028595E+03	1.500000E+03
3.065395E+03	2.122196E+01	2.028595E+03	1.500000E+03
3.097355E+03	2.122196E+01	2.028595E+03	1.500000E+03
3.129648E+03	2.122196E+01	2.028595E+03	1.500000E+03
3.162278E+03	2.122196E+01	2.028595E+03	1.500000E+03
3.195248E+03	2.122196E+01	2.028595E+03	1.500000E+03
3.228561E+03	2.122196E+01	2.028595E+03	1.500000E+03
3.262222E+03	2.122196E+01	2.028595E+03	1.500000E+03
3.296234E+03	2.122196E+01	2.028595E+03	1.500000E+03
3.330600E+03	2.122196E+01	2.028595E+03	1.500000E+03
3.365325E+03	2.122196E+01	2.028595E+03	1.500000E+03
3.400412E+03	2.122196E+01	2.028595E+03	1.500000E+03
3.435865E+03	2.122196E+01	2.028595E+03	1.500000E+03
3.471687E+03	2.122196E+01	2.028595E+03	1.500000E+03
3.507883E+03	2.122196E+01	2.028595E+03	1.500000E+03
3.544456E+03	2.122196E+01	2.028595E+03	1.500000E+03
3.581410E+03	2.122196E+01	2.028595E+03	1.500000E+03
3.618750E+03	2.122196E+01	2.028595E+03	1.500000E+03
3.656479E+03	2.122196E+01	2.028595E+03	1.500000E+03
3.694601E+03	2.122196E+01	2.028595E+03	1.500000E+03
3.733121E+03	2.122196E+01	2.028595E+03	1.500000E+03
3.772042E+03	2.122196E+01	2.028595E+03	1.500000E+03
3.811370E+03	2.122196E+01	2.028595E+03	1.500000E+03
3.851107E+03	2.122196E+01	2.028595E+03	1.500000E+03
3.891259E+03	2.122196E+01	2.028595E+03	1.500000E+03
3.931829E+03	2.122196E+01	2.028595E+03	1.500000E+03
3.972822E+03	2.122196E+01	2.028595E+03	1.500000E+03
4.014242E+03	2.122196E+01	2.028595E+03	1.500000E+03
4.056095E+03	2.122196E+01	2.028595E+03	1.500000E+03
4.098384E+03	2.122196E+01	2.028595E+03	1.500000E+03
4.141113E+03	2.122196E+01	2.028595E+03	1.500000E+03
4.184289E+03	2.122196E+01	2.028595E+03	1.500000E+03
4.227914E+03	2.122196E+01	2.028595E+03	1.500000E+03
4.271994E+03	2.122196E+01	2.028595E+03	1.500000E+03
4.316534E+03	2.122196E+01	2.028595E+03	1.500000E+03
4.361538E+03	2.122196E+01	2.028595E+03	1.500000E+03
4.407011E+03	2.122196E+01	2.028595E+03	1.500000E+03
4.452959E+03	2.122196E+01	2.028595E+03	1.500000E+03
4.499385E+03	2.122196E+01	2.028595E+03	1.500000E+03
4.546295E+03	2.122196E+01	2.028595E+03	1.500000E+03
4.593695E+03	2.122196E+01	2.028595E+03	1.500000E+03
4.641589E+03	2.122196E+01	2.028595E+03	1.500000E+03
4.689982E+03	2.122196E+01	2.028595E+03	1.500000E+03
4.738880E+03	2.122196E+01	2.028595E+03	1.500000E+03
4.788287E+03	2.122196E+01	2.028595E+03	1.500000E+03
4.838210E+03	2.122196E+01	2.028595E+03	1.500000E+03
4.888653E+03	2.122196E+01	2.028595E+03	1.500000E+03
4.939622E+03	2.122196E+01	2.028595E+03	1.500000E+03
4.991122E+03	2.122196E+01	2.028595E+03	1.500000E+03
5.043159E+03	2.122196E+01	2.028595E+03	1.500000E+03
5.095739E+03	2.122196E+01	2.028595E+03	1.500000E+03
5.148867E+03	2.122196E+01	2.028595E+03	1.500000E+03
5.202549E+03	2.122196E+01	2.028595E+03	1.500000E+03
5.256791E+03	2.122196E+01	2.028595E+03	1.500000E+03
5.311598E+03	2.122196E+01	2.028595E+03	1.500000E+03
5.366977E+03	2.122196E+01	2.028595E+03	1.500000E+03
5.422933E+03	2.122196E+01	2.028595E+03	1.500000E+03
5.479472E+03	2.122196E+01	2.028595E+03	1.500000E+03
5.536601E+03	2.122196E+01	2.028595E+03	1.500000E+03
5.594326E+03	2.122196E+01	2.028595E+03	1.500000E+03
5.652652E+03	2.122196E+01	2.028595E+03	1.500000E+03
5.711586E+03	2.122196E+01	2.028595E+03	1.500000E+03
5.771135E+03	2.122196E+01	2.028595E+03	1.500000E+03
5.831305E+03	2.122196E+01	2.028595E+03	1.500000E+03
5.892102E+03	2.122196E+01	2.028595E+03	1.500000E+03
5.953533E+03	2.122196E+01	2.028595E+03	1.500000E+03
6.015605E+03	2.122196E+01	2.028595E+03	1.500000E+03
6.078323E+03	2.122196E+01	2.028595E+03	1.500000E+03
6.141696E+03	2.122196E+01	2.028595E+03	1.500000E+03
6.205729E+03	2.122196E+01	2.028595E+03	1.500000E+03
6.270430E+03	2.122196E+01	2.028595E+03	1.500000E+03
6.335805E+03	2.122196E+01	2.028595E+03	1.500000E+03
6.401862E+03	2.122196E+01	2.028595E+03	1.500000E+03
6.468608E+03	2.122196E+01	2.028595E+03	1.500000E+03
6.536049E+03	2.122196E+01	2.028595E+03	1.500000E+03
6.604194E+03	2.122196E+01	2.028595E+03	1.500000E+03
6.673049E+03	2.122196E+01	2.028595E+03	1.500000E+03
6.742622E+03	2.122196E+01	2.028595E+03	1.500000E+03
6.812921E+03	2.122196E+01	2.028595E+03	1.500000E+03
6.883952E+03	2.122196E+01	2.028595E+03	1.500000E+03
6.955724E+03	2.122196E+01	2.028595E+03	1.500000E+03
7.028244E+03	2.122196E+01	2.028595E+03	1.500000E+03
7.101521E+03	2.122196E+01	2.028595E+03	1.500000E+03
7.175561E+03	2.122196E+01	2.028595E+03	1.500000E+03
7.250373E+03	2.122196E+01	2.028595E+03	1.500000E+03
7.325965E+03	1.487492E+08	2.032142E+03	1.500000E+03
7.402346E+03	6.249115E+08	2.043381E+03	1.500000E+03
7.479523E+03	2.336937E+09	2.080419E+03	1.500000E+03
7.557504E+03	4.183437E+09	2.118903E+03	1.500000E+03
7.636298E+03	6.132106E+09	2.158156E+03	1.500000E+03
7.715914E+03	8.167597E+09	2.197790E+03	1.500000E+03
7.796360E+03	1.029735E+10	2.237802E+03	1.500000E+03
7.877645E+03	1.253878E+10	2.278119E+03	1.500000E+03
7.959777E+03	1.485966E+10	2.318736E+03	1.500000E+03
8.042765E+03	1.722659E+10	2.359679E+03	1.500000E+03
8.126619E+03	1.962254E+10	2.400952E+03	1.500000E+03
8.211347E+03	2.204998E+10	2.442533E+03	1.500000E+03
8.296959E+03	2.451372E+10	2.484408E+03	1.500000E+03
8.383462E+03	2.615318E+10	2.526613E+03	1.500000E+03
8.470868E+03	2.667856E+10	2.569117E+03	1.500000E+03
8.559185E+03	2.695061E+10	2.611925E+03	1.500000E+03
8.648423E+03	2.722615E+10	2.655039E+03	1.500000E+03
8.738592E+03	2.806924E+10	2.698448E+03	1.500000E+03
8.829700E+03	3.013598E+10	2.742149E+03	1.500000E+03
8.921758E+03	3.318920E+10	2.786149E+03	1.500000E+03
9.014776E+03	3.634983E+10	2.830445E+03	1.500000E+03
9.108764E+03	3.962433E+10	2.875033E+03	1.500000E+03
9.203732E+03	4.301937E+10	2.919905E+03	1.500000E+03
9.299690E+03	4.654284E+10	2.965190E+03	1.500000E+03
9.396648E+03	5.020306E+10	3.010647E+03	1.500000E+03
9.494618E+03	5.400334E+10	3.056266E+03	1.500000E+03
9.593608E+03	5.795263E+10	3.102332E+03	1.500000E+03
9.693631E+03	6.205737E+10	3.148667E+03	1.500000E+03
9.794697E+03	6.632540E+10	3.195299E+03	1.500000E+03
9.896816E+03	7.076452E+10	3.242216E+03	1.500000E+03
1.000000E+04	7.538284E+10	3.289433E+03	1.500000E+03
1.010426E+04	8.019490E+10	3.337043E+03	1.500000E+03
1.020961E+04	8.520435E+10	3.384922E+03	1.500000E+03
1.031605E+04	9.041841E+10	3.432810E+03	1.500000E+03
1.042361E+04	9.584831E+10	3.481106E+03	1.500000E+03
1.053228E+04	1.015025E+11	3.529735E+03	1.500000E+03
1.064209E+04	1.073902E+11	3.578673E+03	1.500000E+03
1.075305E+04	1.135208E+11	3.627897E+03	1.500000E+03
1.086516E+04	1.199038E+11	3.677425E+03	1.500000E+03
1.097844E+04	1.265490E+11	3.727238E+03	1.500000E+03
1.109290E+04	1.334661E+11	3.777330E+03	1.500000E+03
1.120855E+04	1.406796E+11	3.827740E+03	1.500000E+03
1.132541E+04	1.481998E+11	3.878373E+03	1.500000E+03
1.144349E+04	1.560254E+11	3.929305E+03	1.500000E+03
1.156280E+04	1.641679E+11	3.980582E+03	1.500000E+03
1.168335E+04	1.726379E+11	4.032122E+03	1.500000E+03
1.180517E+04	1.814551E+11	4.083953E+03	1.500000E+03
1.192825E+04	1.906547E+11	4.136064E+03	1.500000E+03
1.205261E+04	2.002194E+11	4.188470E+03	1.500000E+03
1.217827E+04	2.101602E+11	4.241178E+03	1.500000E+03
1.230524E+04	2.204991E+11	4.294204E+03	1.500000E+03
1.243353E+04	2.312819E+11	4.347477E+03	1.500000E+03
1.256317E+04	2.424811E+11	4.401048E+03	1.500000E+03
1.269415E+04	2.541086E+11	4.454933E+03	1.500000E+03
1.282650E+04	2.662303E+11	4.509122E+03	1.500000E+03
1.296023E+04	2.788220E+11	4.563612E+03	1.500000E+03
1.309535E+04	2.918846E+11	4.618377E+03	1.500000E+03
1.323188E+04	3.054976E+11	4.673454E+03	1.500000E+03
1.336984E+04	3.196219E+11	4.728836E+03	1.500000E+03
1.350923E+04	3.342823E+11	4.784543E+03	1.500000E+03
1.365008E+04	3.495395E+11	4.840497E+03	1.500000E+03
1.379239E+04	3.653458E+11	4.896815E+03	1.500000E+03
1.393619E+04	3.817936E+11	4.953383E+03	1.500000E+03
1.408149E+04	3.988402E+11	5.010318E+03	1.500000E+03
1.422830E+04	4.165463E+11	5.067502E+03	1.500000E+03
1.437665E+04	4.349111E+11	5.125083E+03	1.500000E+03
1.452654E+04	4.539704E+11	5.183376E+03	1.500000E+03
1.467799E+04	4.737342E+11	5.241768E+03	1.500000E+03
1.483103E+04	4.942355E+11	5.300162E+03	1.500000E+03
1.498565E+04	5.154759E+11	5.358599E+03	1.500000E+03
1.514189E+04	5.375214E+11	5.417659E+03	1.500000E+03
1.529976E+04	5.603321E+11	5.477402E+03	1.500000E+03
1.545928E+04	5.840251E+11	5.537112E+03	1.500000E+03
1.562046E+04	6.085336E+11	5.596880E+03	1.500000E+03
1.578331E+04	6.339324E+11	5.657337E+03	1.500000E+03
1.594787E+04	6.602563E+11	5.718328E+03	1.500000E+03
1.611414E+04	6.874859E+11	5.779406E+03	1.500000E+03
1.628215E+04	7.156983E+11	5.840919E+03	1.500000E+03
1.645191E+04	7.449167E+11	5.903236E+03	1.500000E+03
1.662343E+04	7.751339E+11	5.965494E+03	1.500000E+03
1.679675E+04	8.063905E+11	6.027445E+03	1.500000E+03
1.697187E+04	8.387695E+11	6.089547E+03	1.500000E+03
1.714882E+04	8.722601E+11	6.153297E+03	1.500000E+03
1.732761E+04	9.068845E+11	6.216980E+03	1.500000E+03
1.750827E+04	9.426784E+11	6.280384E+03	1.500000E+03
1.769081E+04	9.797055E+11	6.343940E+03	1.500000E+03
1.787526E+04	1.018009E+12	6.409155E+03	1.500000E+03
1.806162E+04	1.057588E+12	6.474178E+03	1.500000E+03
1.824993E+04	1.098485E+12	6.538891E+03	1.500000E+03
1.844021E+04	1.140747E+12	6.604251E+03	1.500000E+03
1.863246E+04	1.184419E+12	6.670686E+03	1.500000E+03
1.882672E+04	1.229530E+12	6.737026E+03	1.500000E+03
1.902301E+04	1.276119E+12	6.803239E+03	1.500000E+03
1.922135E+04	1.324240E+12	6.870193E+03	1.500000E+03
1.942175E+04	1.373937E+12	6.938049E+03	1.500000E+03
1.962424E+04	1.425241E+12	7.005676E+03	1.500000E+03
1.982884E+04	1.478208E+12	7.073815E+03	1.500000E+03
2.003557E+04	1.532877E+12	7.142181E+03	1.500000E+03
2.024447E+04	1.589302E+12	7.211298E+03	1.500000E+03
2.045553E+04	1.647521E+12	7.280561E+03	1.500000E+03
2.066880E+04	1.707586E+12	7.350284E+03	1.500000E+03
2.088430E+04	1.769542E+12	7.420185E+03	1.500000E+03
2.110203E+04	1.833452E+12	7.490695E+03	1.500000E+03
2.132204E+04	1.899401E+12	7.561981E+03	1.500000E+03
2.154435E+04	1.967395E+12	7.632943E+03	1.500000E+03
2.176897E+04	2.037492E+12	7.704486E+03	1.500000E+03
2.199593E+04	2.109746E+12	7.776946E+03	1.500000E+03
2.222526E+04	2.184274E+12	7.849487E+03	1.500000E+03
2.245698E+04	2.261072E+12	7.921900E+03	1.500000E+03
2.269112E+04	2.340203E+12	7.995547E+03	1.500000E+03
2.292769E+04	2.421787E+12	8.069649E+03	1.500000E+03
2.316674E+04	2.505828E+12	8.143499E+03	1.500000E+03
2.340827E+04	2.592390E+12	8.217787E+03	1.500000E+03
2.365233E+04	2.681620E+12	8.293457E+03	1.500000E+03
2.389893E+04	2.773463E+12	8.368799E+03	1.500000E+03
2.414810E+04	2.868122E+12	8.444126E+03	1.500000E+03
2.439986E+04	2.965543E+12	8.521080E+03	1.500000E+03
2.465426E+04	3.065930E+12	8.597883E+03	1.500000E+03
2.491130E+04	3.169230E+12	8.674713E+03	1.500000E+03
2.517102E+04	3.275613E+12	8.752603E+03	1.500000E+03
2.543346E+04	3.385117E+12	8.830996E+03	1.500000E+03
2.569863E+04	3.497792E+12	8.909289E+03	1.500000E+03
2.596656E+04	3.613823E+12	8.988306E+03	1.500000E+03
2.623729E+04	3.733205E+12	9.068169E+03	1.500000E+03
2.651084E+04	3.856024E+12	9.147903E+03	1.500000E+03
2.678724E+04	3.982416E+12	9.228338E+03	1.500000E+03
2.706652E+04	4.112465E+12	9.309459E+03	1.500000E+03
2.734872E+04	4.246281E+12	9.394917E+03	1.500000E+03
2.763385E+04	4.384039E+12	9.493531E+03	1.500000E+03
2.792196E+04	4.525724E+12	9.592488E+03	1.500000E+03
2.821308E+04	4.680469E+12	9.688557E+03	1.500000E+03
2.850723E+04	4.840549E+12	9.784325E+03	1.500000E+03
2.880444E+04	5.002298E+12	9.881092E+03	1.500000E+03
2.910476E+04	5.165733E+12	9.978868E+03	1.500000E+03
2.940820E+04	5.330873E+12	1.007766E+04	1.500000E+03
2.971481E+04	5.497734E+12	1.017749E+04	1.500000E+03
3.002462E+04	5.666335E+12	1.027835E+04	1.500000E+03
3.033765E+04	5.836693E+12	1.038027E+04	1.500000E+03
3.065395E+04	6.008828E+12	1.048325E+04	1.500000E+03
3.097355E+04	6.182758E+12	1.058731E+04	1.500000E+03
3.129648E+04	6.376819E+12	1.069473E+04	1.500000E+03
3.162278E+04	6.574555E+12	1.080347E+04	1.500000E+03
